eq_cov =

    0.0065   -0.0000   -0.0007   -0.0026   -0.0077   -0.0018
   -0.0000    0.0281    0.0223   -0.0046   -0.0551   -0.0042
   -0.0007    0.0223    0.0455   -0.0103    0.0760    0.0142
   -0.0026   -0.0046   -0.0103    0.0184   -0.0170   -0.0046
   -0.0077   -0.0551    0.0760   -0.0170    7.5851    0.7488
   -0.0018   -0.0042    0.0142   -0.0046    0.7488    0.0877


st_cov =

   1.0e-03 *

    0.3518    0.0022    0.2653    0.0005         0    0.0048
    0.0022    0.0009    0.0016    0.0001         0    0.0000
    0.2653    0.0016    0.2026    0.0002         0    0.0037
    0.0005    0.0001    0.0002    0.0076         0   -0.0004
         0         0         0         0         0         0
    0.0048    0.0000    0.0037   -0.0004         0    0.0001